00010110011101010101101011100101
01011100101010011000101010111011
11011011010101111001010100010000
11011110011011111010110111111111
10100000000001011100111101000110
11101000000100110101001001111110
10100101100101011110101010100010
10011100101010101100101111011101
01011111100010001111000101010010
00110101011001101001110001011001
10010111101001100110101111011110
10100111011100000010011000111100
10011000010100100110000010100010
00010111101010111000000110001000
01011101110101001001110000100000
01010001000101010001100011010110
00010010011101100110010110010000
10000111110101001111100011011100
11000001101000001110101110101110
11110100111000100010001100010000
01111100111010101100110011001010
11011000110111101000000000101011
11010001011110111001010110001011
00001010100110010000010000101111
10011101110000110001011110101001
01001010110100001011111100010001
11000111101101011011010110011110
00111010001000110111011011100001
11010000011101100000111111001101
11100110011101000100111001110100
10011001001101011110110000110001
10100010010000110101111110110101

00010110011101011001110001000001
10001010001010101000100000001011
11011111010101011001010000000001
11011110101010101000111000100000
10000000010101011000111100100000
00000000100010101001010100000001
10000000110001010100000010001010
00011111110010100001001111100101
10011100100001010011000000101010
00110000001010101011010000010101
10011011111111110111101111101110
00001000001000100011010101111111
00111010010101000011000000000000
00110011101010100111100000000000
10111111110101101011110110001010
01010000001000100011100111010101
10100001110111100010000110101000
01000001111001011110100011011100
11000000001000001101111110101110
01010001010101000010001110010100
11011101110011001100001000001000
10011000110111111010101000011101
11010100011010111101010000011011
00001010101000110000001000011101
10010101000000110001110110001000
00001010101100010010001000010101
11010101111000111111110000001010
10101000001000110111010001010101
11010000001100100000000000011001
10100000011100000001000000010101
11010000001001111111100000000001
10001010011000111111111000101001