01111101000000010010110101100001
11011101110001010011111100000001
11001101010110100001111010001010
01001101000101010110001000010110
11110111000110001111001000000011
11010001111110011101111001111101
10000001001001001001110101000110
10111011101000110110010111100111
10110111111110111100110001000000
11000010000100001101100101011100
01100011111110001011011110001000
11100100100100011001000100111100
01010111001000101100001010110110
11110011001001110000000100100001
10110001100100001101001111000011
11011110100011110101001010111001
11111110111101101010101101010010
10100101100110111111001110011101
11010010101000011100100000001001
10100100111111110001110100011001
00000010100101010010001000000101
11011010101000101001100011100111
01010101011010111010100110110111
01010001101001011011101110001111
01101010010001010101000011110001
11111100111010100101000010010100
00110110011001100010111001100110
10110110111100100101111110111010
00111100111111110100001011010000
00001111011011110100010111010110
11100101100000110001101001101000
10000101011100000110000111000100

00100010011011101100101010101010
00000000000101011100010101010101
00110110010010101001100010101011
01110010010001010101111111010101
10000100011010101010011100101010
01001110010101010101000000010101
01111101111010101010000100000011
00001000110101010111001101110001
00000100110010100011101100110011
10011100110001000000000101110011
00011100110011100000001010000001
00011100110011010111010101000001
00011000110010101011101011000011
10001000111001010101010001100111
11001100110011101010100011011101
10111100111011010101110010101111
00010000100001101010110001000110
10001001101010000101010001100100
01001110111101001010100011000101
10111110001010101101010111111110
01010101000101011110101001101101
10001010101010101110010100001010
01010101010100000000000000000101
10111010101010000000011000101000
11010101010101010110101101011101
10011010101110111111111110111011
00011001110111011110101000000010
00011011100010001101010100000001
10110011000000001010101010101011
00010001000010001101110101010111
00111001100111001110101010101010
00110011010111001101110101010101