0001111000000101
1010001011001000
0101101000010110
1010011010000001
0001100100110010
1011000101101100
0010011100001000
0000110111011001
0000110010100100
0101000111101010
0000101110101110
0100111110010000
0100011011010010
0100100110001111
1101101110000110
1001110110001110

0000000100000000
0000001111100000
0110011000100000
0110001010000000
1000010000000001
0100000000000000
0100010110001011
0000000001111110
0011000000100000
0010000000010000
1001000000001000
0000110001000000
0000100001000011
0001000000010111
1010000011100000
0000000000000000