0001111000000101
1010001011001000
0101101000010110
1010011010000001
0001100100110010
1011000101101100
0010011100001000
0000110111011001
0000110010100100
0101000111101010
0000101110101110
0100111110010000
0100011011010010
0100100110001111
1101101110000110
1001110110001110

0000001100000000
0000010110100000
0110010110100000
0011001000000000
0010001100000000
0100000001000110
1100000110100000
1111000000001000
0001000011011110
0100100000000000
0000010000000000
0010000000000010
1010010000000001
1001000000100100
0000000000100011
0000000100000000