0001111000000101
1010001011001000
0101101000010110
1010011010000001
0001100100110010
1011000101101100
0010011100001000
0000110111011001
0000110010100100
0101000111101010
0000101110101110
0100111110010000
0100011011010010
0100100110001111
1101101110000110
1001110110001110

0000001101000000
0000010011100000
0110010000100000
0010001100000000
1010000000000000
0100001000000010
1000000011101011
0010000011101011
0011000001000100
0110000000010000
0001100000000000
0001110000000001
0001110000100101
1001000010000100
0000000001100011
0000000011000000