0001111000000101
1010001011001000
0101101000010110
1010011010000001
0001100100110010
1011000101101100
0010011100001000
0000110111011001
0000110010100100
0101000111101010
0000101110101110
0100111110010000
0100011011010010
0100100110001111
1101101110000110
1001110110001110

0000000000000000
0000010111001000
0001001001100000
1110001010000000
0001110110000000
1011010011100010
0101101010000000
0001000000111110
0011000001000010
0000000000001011
0010100000101011
0100100001001010
1110100000111111
0101000001010000
0100000000000000
0000000011000001